(kicad_pcb (version 20171130) (host pcbnew "(5.1.5-0-10_14)")

  (general
    (thickness 1.6)
    (drawings 4)
    (tracks 147)
    (zones 0)
    (modules 15)
    (nets 17)
  )

  (page A4)
  (layers
    (0 F.Cu signal)
    (31 B.Cu signal)
    (32 B.Adhes user)
    (33 F.Adhes user)
    (34 B.Paste user)
    (35 F.Paste user)
    (36 B.SilkS user)
    (37 F.SilkS user)
    (38 B.Mask user)
    (39 F.Mask user)
    (40 Dwgs.User user)
    (41 Cmts.User user)
    (42 Eco1.User user)
    (43 Eco2.User user)
    (44 Edge.Cuts user)
    (45 Margin user)
    (46 B.CrtYd user)
    (47 F.CrtYd user)
    (48 B.Fab user)
    (49 F.Fab user)
  )

  (setup
    (last_trace_width 0.25)
    (user_trace_width 0.5)
    (trace_clearance 0.2)
    (zone_clearance 0.254)
    (zone_45_only no)
    (trace_min 0.2)
    (via_size 0.8)
    (via_drill 0.4)
    (via_min_size 0.4)
    (via_min_drill 0.3)
    (uvia_size 0.3)
    (uvia_drill 0.1)
    (uvias_allowed no)
    (uvia_min_size 0.2)
    (uvia_min_drill 0.1)
    (edge_width 0.05)
    (segment_width 0.2)
    (pcb_text_width 0.3)
    (pcb_text_size 1.5 1.5)
    (mod_edge_width 0.12)
    (mod_text_size 1 1)
    (mod_text_width 0.15)
    (pad_size 1.524 1.524)
    (pad_drill 0.762)
    (pad_to_mask_clearance 0.051)
    (solder_mask_min_width 0.25)
    (aux_axis_origin 0 0)
    (visible_elements FFFFFF7F)
    (pcbplotparams
      (layerselection 0x010fc_ffffffff)
      (usegerberextensions false)
      (usegerberattributes false)
      (usegerberadvancedattributes false)
      (creategerberjobfile false)
      (excludeedgelayer true)
      (linewidth 0.100000)
      (plotframeref false)
      (viasonmask false)
      (mode 1)
      (useauxorigin false)
      (hpglpennumber 1)
      (hpglpenspeed 20)
      (hpglpendiameter 15.000000)
      (psnegative false)
      (psa4output false)
      (plotreference true)
      (plotvalue true)
      (plotinvisibletext false)
      (padsonsilk false)
      (subtractmaskfromsilk false)
      (outputformat 1)
      (mirror false)
      (drillshape 0)
      (scaleselection 1)
      (outputdirectory ""))
  )

  (net 0 "")
  (net 1 GND)
  (net 2 +12V)
  (net 3 +3V3)
  (net 4 "Net-(C3-Pad1)")
  (net 5 "Net-(C4-Pad1)")
  (net 6 "Net-(C5-Pad1)")
  (net 7 "Net-(C6-Pad2)")
  (net 8 "Net-(D1-Pad2)")
  (net 9 CLOCK)
  (net 10 MOSI)
  (net 11 SS)
  (net 12 DC)
  (net 13 RST)
  (net 14 "Net-(J2-Pad9)")
  (net 15 "Net-(J2-Pad11)")
  (net 16 "Net-(R3-Pad2)")

  (net_class Default "This is the default net class."
    (clearance 0.2)
    (trace_width 0.25)
    (via_dia 0.8)
    (via_drill 0.4)
    (uvia_dia 0.3)
    (uvia_drill 0.1)
    (add_net +12V)
    (add_net +3V3)
    (add_net CLOCK)
    (add_net DC)
    (add_net GND)
    (add_net MOSI)
    (add_net "Net-(C3-Pad1)")
    (add_net "Net-(C4-Pad1)")
    (add_net "Net-(C5-Pad1)")
    (add_net "Net-(C6-Pad2)")
    (add_net "Net-(D1-Pad2)")
    (add_net "Net-(J2-Pad11)")
    (add_net "Net-(J2-Pad9)")
    (add_net "Net-(R3-Pad2)")
    (add_net RST)
    (add_net SS)
  )

  (net_class +12V ""
    (clearance 0.2)
    (trace_width 0.5)
    (via_dia 0.8)
    (via_drill 0.4)
    (uvia_dia 0.3)
    (uvia_drill 0.1)
  )

  (net_class VCC ""
    (clearance 0.2)
    (trace_width 0.5)
    (via_dia 0.8)
    (via_drill 0.4)
    (uvia_dia 0.3)
    (uvia_drill 0.1)
  )

  (module Diode_SMD:D_SMA_Handsoldering (layer F.Cu) (tedit 58643398) (tstamp 5F7A14B2)
    (at 37.084 145.796)
    (descr "Diode SMA (DO-214AC) Handsoldering")
    (tags "Diode SMA (DO-214AC) Handsoldering")
    (path /5F791D8C)
    (attr smd)
    (fp_text reference D1 (at 0 -2.5) (layer F.SilkS)
      (effects (font (size 1 1) (thickness 0.15)))
    )
    (fp_text value SS14 (at 0 2.6) (layer F.Fab)
      (effects (font (size 1 1) (thickness 0.15)))
    )
    (fp_text user %R (at 0 -2.5) (layer F.Fab)
      (effects (font (size 1 1) (thickness 0.15)))
    )
    (fp_line (start -4.4 -1.65) (end -4.4 1.65) (layer F.SilkS) (width 0.12))
    (fp_line (start 2.3 1.5) (end -2.3 1.5) (layer F.Fab) (width 0.1))
    (fp_line (start -2.3 1.5) (end -2.3 -1.5) (layer F.Fab) (width 0.1))
    (fp_line (start 2.3 -1.5) (end 2.3 1.5) (layer F.Fab) (width 0.1))
    (fp_line (start 2.3 -1.5) (end -2.3 -1.5) (layer F.Fab) (width 0.1))
    (fp_line (start -4.5 -1.75) (end 4.5 -1.75) (layer F.CrtYd) (width 0.05))
    (fp_line (start 4.5 -1.75) (end 4.5 1.75) (layer F.CrtYd) (width 0.05))
    (fp_line (start 4.5 1.75) (end -4.5 1.75) (layer F.CrtYd) (width 0.05))
    (fp_line (start -4.5 1.75) (end -4.5 -1.75) (layer F.CrtYd) (width 0.05))
    (fp_line (start -0.64944 0.00102) (end -1.55114 0.00102) (layer F.Fab) (width 0.1))
    (fp_line (start 0.50118 0.00102) (end 1.4994 0.00102) (layer F.Fab) (width 0.1))
    (fp_line (start -0.64944 -0.79908) (end -0.64944 0.80112) (layer F.Fab) (width 0.1))
    (fp_line (start 0.50118 0.75032) (end 0.50118 -0.79908) (layer F.Fab) (width 0.1))
    (fp_line (start -0.64944 0.00102) (end 0.50118 0.75032) (layer F.Fab) (width 0.1))
    (fp_line (start -0.64944 0.00102) (end 0.50118 -0.79908) (layer F.Fab) (width 0.1))
    (fp_line (start -4.4 1.65) (end 2.5 1.65) (layer F.SilkS) (width 0.12))
    (fp_line (start -4.4 -1.65) (end 2.5 -1.65) (layer F.SilkS) (width 0.12))
    (pad 1 smd rect (at -2.5 0) (size 3.5 1.8) (layers F.Cu F.Paste F.Mask)
      (net 2 +12V))
    (pad 2 smd rect (at 2.5 0) (size 3.5 1.8) (layers F.Cu F.Paste F.Mask)
      (net 8 "Net-(D1-Pad2)"))
    (model ${KISYS3DMOD}/Diode_SMD.3dshapes/D_SMA.wrl
      (at (xyz 0 0 0))
      (scale (xyz 1 1 1))
      (rotate (xyz 0 0 0))
    )
  )

  (module Capacitor_SMD:C_0603_1608Metric_Pad1.05x0.95mm_HandSolder (layer F.Cu) (tedit 5B301BBE) (tstamp 5F7A149A)
    (at 33.528 149.719 270)
    (descr "Capacitor SMD 0603 (1608 Metric), square (rectangular) end terminal, IPC_7351 nominal with elongated pad for handsoldering. (Body size source: http://www.tortai-tech.com/upload/download/2011102023233369053.pdf), generated with kicad-footprint-generator")
    (tags "capacitor handsolder")
    (path /5F793D16)
    (attr smd)
    (fp_text reference C6 (at 0 -1.43 90) (layer F.SilkS)
      (effects (font (size 1 1) (thickness 0.15)))
    )
    (fp_text value 22p (at 0 1.43 90) (layer F.Fab)
      (effects (font (size 1 1) (thickness 0.15)))
    )
    (fp_line (start -0.8 0.4) (end -0.8 -0.4) (layer F.Fab) (width 0.1))
    (fp_line (start -0.8 -0.4) (end 0.8 -0.4) (layer F.Fab) (width 0.1))
    (fp_line (start 0.8 -0.4) (end 0.8 0.4) (layer F.Fab) (width 0.1))
    (fp_line (start 0.8 0.4) (end -0.8 0.4) (layer F.Fab) (width 0.1))
    (fp_line (start -0.171267 -0.51) (end 0.171267 -0.51) (layer F.SilkS) (width 0.12))
    (fp_line (start -0.171267 0.51) (end 0.171267 0.51) (layer F.SilkS) (width 0.12))
    (fp_line (start -1.65 0.73) (end -1.65 -0.73) (layer F.CrtYd) (width 0.05))
    (fp_line (start -1.65 -0.73) (end 1.65 -0.73) (layer F.CrtYd) (width 0.05))
    (fp_line (start 1.65 -0.73) (end 1.65 0.73) (layer F.CrtYd) (width 0.05))
    (fp_line (start 1.65 0.73) (end -1.65 0.73) (layer F.CrtYd) (width 0.05))
    (fp_text user %R (at 0 0 90) (layer F.Fab)
      (effects (font (size 0.4 0.4) (thickness 0.06)))
    )
    (pad 1 smd roundrect (at -0.875 0 270) (size 1.05 0.95) (layers F.Cu F.Paste F.Mask) (roundrect_rratio 0.25)
      (net 2 +12V))
    (pad 2 smd roundrect (at 0.875 0 270) (size 1.05 0.95) (layers F.Cu F.Paste F.Mask) (roundrect_rratio 0.25)
      (net 7 "Net-(C6-Pad2)"))
    (model ${KISYS3DMOD}/Capacitor_SMD.3dshapes/C_0603_1608Metric.wrl
      (at (xyz 0 0 0))
      (scale (xyz 1 1 1))
      (rotate (xyz 0 0 0))
    )
  )

  (module Inductor_SMD:L_0805_2012Metric_Pad1.15x1.40mm_HandSolder (layer F.Cu) (tedit 5B36C52B) (tstamp 5F7A27A0)
    (at 39.633 148.844 180)
    (descr "Capacitor SMD 0805 (2012 Metric), square (rectangular) end terminal, IPC_7351 nominal with elongated pad for handsoldering. (Body size source: https://docs.google.com/spreadsheets/d/1BsfQQcO9C6DZCsRaXUlFlo91Tg2WpOkGARC1WS5S8t0/edit?usp=sharing), generated with kicad-footprint-generator")
    (tags "inductor handsolder")
    (path /5F790170)
    (attr smd)
    (fp_text reference L1 (at 0 -1.65) (layer F.SilkS)
      (effects (font (size 1 1) (thickness 0.15)))
    )
    (fp_text value 22u (at 0 1.65) (layer F.Fab)
      (effects (font (size 1 1) (thickness 0.15)))
    )
    (fp_line (start -1 0.6) (end -1 -0.6) (layer F.Fab) (width 0.1))
    (fp_line (start -1 -0.6) (end 1 -0.6) (layer F.Fab) (width 0.1))
    (fp_line (start 1 -0.6) (end 1 0.6) (layer F.Fab) (width 0.1))
    (fp_line (start 1 0.6) (end -1 0.6) (layer F.Fab) (width 0.1))
    (fp_line (start -0.261252 -0.71) (end 0.261252 -0.71) (layer F.SilkS) (width 0.12))
    (fp_line (start -0.261252 0.71) (end 0.261252 0.71) (layer F.SilkS) (width 0.12))
    (fp_line (start -1.85 0.95) (end -1.85 -0.95) (layer F.CrtYd) (width 0.05))
    (fp_line (start -1.85 -0.95) (end 1.85 -0.95) (layer F.CrtYd) (width 0.05))
    (fp_line (start 1.85 -0.95) (end 1.85 0.95) (layer F.CrtYd) (width 0.05))
    (fp_line (start 1.85 0.95) (end -1.85 0.95) (layer F.CrtYd) (width 0.05))
    (fp_text user %R (at 0 0) (layer F.Fab)
      (effects (font (size 0.5 0.5) (thickness 0.08)))
    )
    (pad 1 smd roundrect (at -1.025 0 180) (size 1.15 1.4) (layers F.Cu F.Paste F.Mask) (roundrect_rratio 0.217391)
      (net 3 +3V3))
    (pad 2 smd roundrect (at 1.025 0 180) (size 1.15 1.4) (layers F.Cu F.Paste F.Mask) (roundrect_rratio 0.217391)
      (net 8 "Net-(D1-Pad2)"))
    (model ${KISYS3DMOD}/Inductor_SMD.3dshapes/L_0805_2012Metric.wrl
      (at (xyz 0 0 0))
      (scale (xyz 1 1 1))
      (rotate (xyz 0 0 0))
    )
  )

  (module Package_TO_SOT_SMD:SOT-23-5_HandSoldering (layer F.Cu) (tedit 5A0AB76C) (tstamp 5F7A270A)
    (at 39.05 152.734 270)
    (descr "5-pin SOT23 package")
    (tags "SOT-23-5 hand-soldering")
    (path /5F78C138)
    (attr smd)
    (fp_text reference U1 (at 0 -2.9 90) (layer F.SilkS)
      (effects (font (size 1 1) (thickness 0.15)))
    )
    (fp_text value TPS61041DBV (at 0 2.9 90) (layer F.Fab)
      (effects (font (size 1 1) (thickness 0.15)))
    )
    (fp_text user %R (at 0 0) (layer F.Fab)
      (effects (font (size 0.5 0.5) (thickness 0.075)))
    )
    (fp_line (start -0.9 1.61) (end 0.9 1.61) (layer F.SilkS) (width 0.12))
    (fp_line (start 0.9 -1.61) (end -1.55 -1.61) (layer F.SilkS) (width 0.12))
    (fp_line (start -0.9 -0.9) (end -0.25 -1.55) (layer F.Fab) (width 0.1))
    (fp_line (start 0.9 -1.55) (end -0.25 -1.55) (layer F.Fab) (width 0.1))
    (fp_line (start -0.9 -0.9) (end -0.9 1.55) (layer F.Fab) (width 0.1))
    (fp_line (start 0.9 1.55) (end -0.9 1.55) (layer F.Fab) (width 0.1))
    (fp_line (start 0.9 -1.55) (end 0.9 1.55) (layer F.Fab) (width 0.1))
    (fp_line (start -2.38 -1.8) (end 2.38 -1.8) (layer F.CrtYd) (width 0.05))
    (fp_line (start -2.38 -1.8) (end -2.38 1.8) (layer F.CrtYd) (width 0.05))
    (fp_line (start 2.38 1.8) (end 2.38 -1.8) (layer F.CrtYd) (width 0.05))
    (fp_line (start 2.38 1.8) (end -2.38 1.8) (layer F.CrtYd) (width 0.05))
    (pad 1 smd rect (at -1.35 -0.95 270) (size 1.56 0.65) (layers F.Cu F.Paste F.Mask)
      (net 8 "Net-(D1-Pad2)"))
    (pad 2 smd rect (at -1.35 0 270) (size 1.56 0.65) (layers F.Cu F.Paste F.Mask)
      (net 1 GND))
    (pad 3 smd rect (at -1.35 0.95 270) (size 1.56 0.65) (layers F.Cu F.Paste F.Mask)
      (net 7 "Net-(C6-Pad2)"))
    (pad 4 smd rect (at 1.35 0.95 270) (size 1.56 0.65) (layers F.Cu F.Paste F.Mask)
      (net 3 +3V3))
    (pad 5 smd rect (at 1.35 -0.95 270) (size 1.56 0.65) (layers F.Cu F.Paste F.Mask)
      (net 3 +3V3))
    (model ${KISYS3DMOD}/Package_TO_SOT_SMD.3dshapes/SOT-23-5.wrl
      (at (xyz 0 0 0))
      (scale (xyz 1 1 1))
      (rotate (xyz 0 0 0))
    )
  )

  (module Resistor_SMD:R_0603_1608Metric_Pad1.05x0.95mm_HandSolder (layer F.Cu) (tedit 5B301BBD) (tstamp 5F7A2842)
    (at 35.56 149.719 270)
    (descr "Resistor SMD 0603 (1608 Metric), square (rectangular) end terminal, IPC_7351 nominal with elongated pad for handsoldering. (Body size source: http://www.tortai-tech.com/upload/download/2011102023233369053.pdf), generated with kicad-footprint-generator")
    (tags "resistor handsolder")
    (path /5F7956D2)
    (attr smd)
    (fp_text reference R2 (at 0 -1.43 90) (layer F.SilkS)
      (effects (font (size 1 1) (thickness 0.15)))
    )
    (fp_text value 2M (at 0 1.43 90) (layer F.Fab)
      (effects (font (size 1 1) (thickness 0.15)))
    )
    (fp_line (start -0.8 0.4) (end -0.8 -0.4) (layer F.Fab) (width 0.1))
    (fp_line (start -0.8 -0.4) (end 0.8 -0.4) (layer F.Fab) (width 0.1))
    (fp_line (start 0.8 -0.4) (end 0.8 0.4) (layer F.Fab) (width 0.1))
    (fp_line (start 0.8 0.4) (end -0.8 0.4) (layer F.Fab) (width 0.1))
    (fp_line (start -0.171267 -0.51) (end 0.171267 -0.51) (layer F.SilkS) (width 0.12))
    (fp_line (start -0.171267 0.51) (end 0.171267 0.51) (layer F.SilkS) (width 0.12))
    (fp_line (start -1.65 0.73) (end -1.65 -0.73) (layer F.CrtYd) (width 0.05))
    (fp_line (start -1.65 -0.73) (end 1.65 -0.73) (layer F.CrtYd) (width 0.05))
    (fp_line (start 1.65 -0.73) (end 1.65 0.73) (layer F.CrtYd) (width 0.05))
    (fp_line (start 1.65 0.73) (end -1.65 0.73) (layer F.CrtYd) (width 0.05))
    (fp_text user %R (at 0 0 90) (layer F.Fab)
      (effects (font (size 0.4 0.4) (thickness 0.06)))
    )
    (pad 1 smd roundrect (at -0.875 0 270) (size 1.05 0.95) (layers F.Cu F.Paste F.Mask) (roundrect_rratio 0.25)
      (net 2 +12V))
    (pad 2 smd roundrect (at 0.875 0 270) (size 1.05 0.95) (layers F.Cu F.Paste F.Mask) (roundrect_rratio 0.25)
      (net 7 "Net-(C6-Pad2)"))
    (model ${KISYS3DMOD}/Resistor_SMD.3dshapes/R_0603_1608Metric.wrl
      (at (xyz 0 0 0))
      (scale (xyz 1 1 1))
      (rotate (xyz 0 0 0))
    )
  )

  (module Resistor_SMD:R_0603_1608Metric_Pad1.05x0.95mm_HandSolder (layer F.Cu) (tedit 5B301BBD) (tstamp 5F7A3B16)
    (at 33.528 153.557 270)
    (descr "Resistor SMD 0603 (1608 Metric), square (rectangular) end terminal, IPC_7351 nominal with elongated pad for handsoldering. (Body size source: http://www.tortai-tech.com/upload/download/2011102023233369053.pdf), generated with kicad-footprint-generator")
    (tags "resistor handsolder")
    (path /5F795E36)
    (attr smd)
    (fp_text reference R3 (at 0 -1.43 90) (layer F.SilkS)
      (effects (font (size 1 1) (thickness 0.15)))
    )
    (fp_text value 220k (at 0 1.43 90) (layer F.Fab)
      (effects (font (size 1 1) (thickness 0.15)))
    )
    (fp_line (start -0.8 0.4) (end -0.8 -0.4) (layer F.Fab) (width 0.1))
    (fp_line (start -0.8 -0.4) (end 0.8 -0.4) (layer F.Fab) (width 0.1))
    (fp_line (start 0.8 -0.4) (end 0.8 0.4) (layer F.Fab) (width 0.1))
    (fp_line (start 0.8 0.4) (end -0.8 0.4) (layer F.Fab) (width 0.1))
    (fp_line (start -0.171267 -0.51) (end 0.171267 -0.51) (layer F.SilkS) (width 0.12))
    (fp_line (start -0.171267 0.51) (end 0.171267 0.51) (layer F.SilkS) (width 0.12))
    (fp_line (start -1.65 0.73) (end -1.65 -0.73) (layer F.CrtYd) (width 0.05))
    (fp_line (start -1.65 -0.73) (end 1.65 -0.73) (layer F.CrtYd) (width 0.05))
    (fp_line (start 1.65 -0.73) (end 1.65 0.73) (layer F.CrtYd) (width 0.05))
    (fp_line (start 1.65 0.73) (end -1.65 0.73) (layer F.CrtYd) (width 0.05))
    (fp_text user %R (at 0 0 90) (layer F.Fab)
      (effects (font (size 0.4 0.4) (thickness 0.06)))
    )
    (pad 1 smd roundrect (at -0.875 0 270) (size 1.05 0.95) (layers F.Cu F.Paste F.Mask) (roundrect_rratio 0.25)
      (net 7 "Net-(C6-Pad2)"))
    (pad 2 smd roundrect (at 0.875 0 270) (size 1.05 0.95) (layers F.Cu F.Paste F.Mask) (roundrect_rratio 0.25)
      (net 16 "Net-(R3-Pad2)"))
    (model ${KISYS3DMOD}/Resistor_SMD.3dshapes/R_0603_1608Metric.wrl
      (at (xyz 0 0 0))
      (scale (xyz 1 1 1))
      (rotate (xyz 0 0 0))
    )
  )

  (module Resistor_SMD:R_0603_1608Metric_Pad1.05x0.95mm_HandSolder (layer F.Cu) (tedit 5B301BBD) (tstamp 5F7A332E)
    (at 35.56 153.557 90)
    (descr "Resistor SMD 0603 (1608 Metric), square (rectangular) end terminal, IPC_7351 nominal with elongated pad for handsoldering. (Body size source: http://www.tortai-tech.com/upload/download/2011102023233369053.pdf), generated with kicad-footprint-generator")
    (tags "resistor handsolder")
    (path /5F853910)
    (attr smd)
    (fp_text reference R4 (at 0 -1.43 90) (layer F.SilkS)
      (effects (font (size 1 1) (thickness 0.15)))
    )
    (fp_text value 10k (at 0 1.43 90) (layer F.Fab)
      (effects (font (size 1 1) (thickness 0.15)))
    )
    (fp_text user %R (at 0 0 90) (layer F.Fab)
      (effects (font (size 0.4 0.4) (thickness 0.06)))
    )
    (fp_line (start 1.65 0.73) (end -1.65 0.73) (layer F.CrtYd) (width 0.05))
    (fp_line (start 1.65 -0.73) (end 1.65 0.73) (layer F.CrtYd) (width 0.05))
    (fp_line (start -1.65 -0.73) (end 1.65 -0.73) (layer F.CrtYd) (width 0.05))
    (fp_line (start -1.65 0.73) (end -1.65 -0.73) (layer F.CrtYd) (width 0.05))
    (fp_line (start -0.171267 0.51) (end 0.171267 0.51) (layer F.SilkS) (width 0.12))
    (fp_line (start -0.171267 -0.51) (end 0.171267 -0.51) (layer F.SilkS) (width 0.12))
    (fp_line (start 0.8 0.4) (end -0.8 0.4) (layer F.Fab) (width 0.1))
    (fp_line (start 0.8 -0.4) (end 0.8 0.4) (layer F.Fab) (width 0.1))
    (fp_line (start -0.8 -0.4) (end 0.8 -0.4) (layer F.Fab) (width 0.1))
    (fp_line (start -0.8 0.4) (end -0.8 -0.4) (layer F.Fab) (width 0.1))
    (pad 2 smd roundrect (at 0.875 0 90) (size 1.05 0.95) (layers F.Cu F.Paste F.Mask) (roundrect_rratio 0.25)
      (net 1 GND))
    (pad 1 smd roundrect (at -0.875 0 90) (size 1.05 0.95) (layers F.Cu F.Paste F.Mask) (roundrect_rratio 0.25)
      (net 16 "Net-(R3-Pad2)"))
    (model ${KISYS3DMOD}/Resistor_SMD.3dshapes/R_0603_1608Metric.wrl
      (at (xyz 0 0 0))
      (scale (xyz 1 1 1))
      (rotate (xyz 0 0 0))
    )
  )

  (module Capacitor_SMD:C_0603_1608Metric_Pad1.05x0.95mm_HandSolder (layer F.Cu) (tedit 5B301BBE) (tstamp 5F7A387D)
    (at 29.831 146.304 180)
    (descr "Capacitor SMD 0603 (1608 Metric), square (rectangular) end terminal, IPC_7351 nominal with elongated pad for handsoldering. (Body size source: http://www.tortai-tech.com/upload/download/2011102023233369053.pdf), generated with kicad-footprint-generator")
    (tags "capacitor handsolder")
    (path /5F7AA3CC)
    (attr smd)
    (fp_text reference C1 (at 0 -1.43) (layer F.SilkS)
      (effects (font (size 1 1) (thickness 0.15)))
    )
    (fp_text value 4.7u (at 0 1.43) (layer F.Fab)
      (effects (font (size 1 1) (thickness 0.15)))
    )
    (fp_line (start -0.8 0.4) (end -0.8 -0.4) (layer F.Fab) (width 0.1))
    (fp_line (start -0.8 -0.4) (end 0.8 -0.4) (layer F.Fab) (width 0.1))
    (fp_line (start 0.8 -0.4) (end 0.8 0.4) (layer F.Fab) (width 0.1))
    (fp_line (start 0.8 0.4) (end -0.8 0.4) (layer F.Fab) (width 0.1))
    (fp_line (start -0.171267 -0.51) (end 0.171267 -0.51) (layer F.SilkS) (width 0.12))
    (fp_line (start -0.171267 0.51) (end 0.171267 0.51) (layer F.SilkS) (width 0.12))
    (fp_line (start -1.65 0.73) (end -1.65 -0.73) (layer F.CrtYd) (width 0.05))
    (fp_line (start -1.65 -0.73) (end 1.65 -0.73) (layer F.CrtYd) (width 0.05))
    (fp_line (start 1.65 -0.73) (end 1.65 0.73) (layer F.CrtYd) (width 0.05))
    (fp_line (start 1.65 0.73) (end -1.65 0.73) (layer F.CrtYd) (width 0.05))
    (fp_text user %R (at 0 0) (layer F.Fab)
      (effects (font (size 0.4 0.4) (thickness 0.06)))
    )
    (pad 1 smd roundrect (at -0.875 0 180) (size 1.05 0.95) (layers F.Cu F.Paste F.Mask) (roundrect_rratio 0.25)
      (net 1 GND))
    (pad 2 smd roundrect (at 0.875 0 180) (size 1.05 0.95) (layers F.Cu F.Paste F.Mask) (roundrect_rratio 0.25)
      (net 2 +12V))
    (model ${KISYS3DMOD}/Capacitor_SMD.3dshapes/C_0603_1608Metric.wrl
      (at (xyz 0 0 0))
      (scale (xyz 1 1 1))
      (rotate (xyz 0 0 0))
    )
  )

  (module Capacitor_SMD:C_0603_1608Metric_Pad1.05x0.95mm_HandSolder (layer F.Cu) (tedit 5B301BBE) (tstamp 5F7A1456)
    (at 29.831 144.272 180)
    (descr "Capacitor SMD 0603 (1608 Metric), square (rectangular) end terminal, IPC_7351 nominal with elongated pad for handsoldering. (Body size source: http://www.tortai-tech.com/upload/download/2011102023233369053.pdf), generated with kicad-footprint-generator")
    (tags "capacitor handsolder")
    (path /5F7A8E79)
    (attr smd)
    (fp_text reference C2 (at 0 -1.43) (layer F.SilkS)
      (effects (font (size 1 1) (thickness 0.15)))
    )
    (fp_text value 1u (at 0 1.43) (layer F.Fab)
      (effects (font (size 1 1) (thickness 0.15)))
    )
    (fp_text user %R (at 0 0) (layer F.Fab)
      (effects (font (size 0.4 0.4) (thickness 0.06)))
    )
    (fp_line (start 1.65 0.73) (end -1.65 0.73) (layer F.CrtYd) (width 0.05))
    (fp_line (start 1.65 -0.73) (end 1.65 0.73) (layer F.CrtYd) (width 0.05))
    (fp_line (start -1.65 -0.73) (end 1.65 -0.73) (layer F.CrtYd) (width 0.05))
    (fp_line (start -1.65 0.73) (end -1.65 -0.73) (layer F.CrtYd) (width 0.05))
    (fp_line (start -0.171267 0.51) (end 0.171267 0.51) (layer F.SilkS) (width 0.12))
    (fp_line (start -0.171267 -0.51) (end 0.171267 -0.51) (layer F.SilkS) (width 0.12))
    (fp_line (start 0.8 0.4) (end -0.8 0.4) (layer F.Fab) (width 0.1))
    (fp_line (start 0.8 -0.4) (end 0.8 0.4) (layer F.Fab) (width 0.1))
    (fp_line (start -0.8 -0.4) (end 0.8 -0.4) (layer F.Fab) (width 0.1))
    (fp_line (start -0.8 0.4) (end -0.8 -0.4) (layer F.Fab) (width 0.1))
    (pad 2 smd roundrect (at 0.875 0 180) (size 1.05 0.95) (layers F.Cu F.Paste F.Mask) (roundrect_rratio 0.25)
      (net 3 +3V3))
    (pad 1 smd roundrect (at -0.875 0 180) (size 1.05 0.95) (layers F.Cu F.Paste F.Mask) (roundrect_rratio 0.25)
      (net 1 GND))
    (model ${KISYS3DMOD}/Capacitor_SMD.3dshapes/C_0603_1608Metric.wrl
      (at (xyz 0 0 0))
      (scale (xyz 1 1 1))
      (rotate (xyz 0 0 0))
    )
  )

  (module Capacitor_SMD:C_0603_1608Metric_Pad1.05x0.95mm_HandSolder (layer F.Cu) (tedit 5B301BBE) (tstamp 5F7A3D2F)
    (at 29.831 154.432)
    (descr "Capacitor SMD 0603 (1608 Metric), square (rectangular) end terminal, IPC_7351 nominal with elongated pad for handsoldering. (Body size source: http://www.tortai-tech.com/upload/download/2011102023233369053.pdf), generated with kicad-footprint-generator")
    (tags "capacitor handsolder")
    (path /5F7AE8B0)
    (attr smd)
    (fp_text reference C3 (at 0 -1.43) (layer F.SilkS)
      (effects (font (size 1 1) (thickness 0.15)))
    )
    (fp_text value 4.7u (at 0 1.43) (layer F.Fab)
      (effects (font (size 1 1) (thickness 0.15)))
    )
    (fp_text user %R (at 0 0) (layer F.Fab)
      (effects (font (size 0.4 0.4) (thickness 0.06)))
    )
    (fp_line (start 1.65 0.73) (end -1.65 0.73) (layer F.CrtYd) (width 0.05))
    (fp_line (start 1.65 -0.73) (end 1.65 0.73) (layer F.CrtYd) (width 0.05))
    (fp_line (start -1.65 -0.73) (end 1.65 -0.73) (layer F.CrtYd) (width 0.05))
    (fp_line (start -1.65 0.73) (end -1.65 -0.73) (layer F.CrtYd) (width 0.05))
    (fp_line (start -0.171267 0.51) (end 0.171267 0.51) (layer F.SilkS) (width 0.12))
    (fp_line (start -0.171267 -0.51) (end 0.171267 -0.51) (layer F.SilkS) (width 0.12))
    (fp_line (start 0.8 0.4) (end -0.8 0.4) (layer F.Fab) (width 0.1))
    (fp_line (start 0.8 -0.4) (end 0.8 0.4) (layer F.Fab) (width 0.1))
    (fp_line (start -0.8 -0.4) (end 0.8 -0.4) (layer F.Fab) (width 0.1))
    (fp_line (start -0.8 0.4) (end -0.8 -0.4) (layer F.Fab) (width 0.1))
    (pad 2 smd roundrect (at 0.875 0) (size 1.05 0.95) (layers F.Cu F.Paste F.Mask) (roundrect_rratio 0.25)
      (net 2 +12V))
    (pad 1 smd roundrect (at -0.875 0) (size 1.05 0.95) (layers F.Cu F.Paste F.Mask) (roundrect_rratio 0.25)
      (net 4 "Net-(C3-Pad1)"))
    (model ${KISYS3DMOD}/Capacitor_SMD.3dshapes/C_0603_1608Metric.wrl
      (at (xyz 0 0 0))
      (scale (xyz 1 1 1))
      (rotate (xyz 0 0 0))
    )
  )

  (module Capacitor_SMD:C_0603_1608Metric_Pad1.05x0.95mm_HandSolder (layer F.Cu) (tedit 5B301BBE) (tstamp 5F7A1478)
    (at 29.831 150.368)
    (descr "Capacitor SMD 0603 (1608 Metric), square (rectangular) end terminal, IPC_7351 nominal with elongated pad for handsoldering. (Body size source: http://www.tortai-tech.com/upload/download/2011102023233369053.pdf), generated with kicad-footprint-generator")
    (tags "capacitor handsolder")
    (path /5F7AD2FD)
    (attr smd)
    (fp_text reference C4 (at 0 -1.43) (layer F.SilkS)
      (effects (font (size 1 1) (thickness 0.15)))
    )
    (fp_text value 4.7u (at 0 1.43) (layer F.Fab)
      (effects (font (size 1 1) (thickness 0.15)))
    )
    (fp_text user %R (at 0 0) (layer F.Fab)
      (effects (font (size 0.4 0.4) (thickness 0.06)))
    )
    (fp_line (start 1.65 0.73) (end -1.65 0.73) (layer F.CrtYd) (width 0.05))
    (fp_line (start 1.65 -0.73) (end 1.65 0.73) (layer F.CrtYd) (width 0.05))
    (fp_line (start -1.65 -0.73) (end 1.65 -0.73) (layer F.CrtYd) (width 0.05))
    (fp_line (start -1.65 0.73) (end -1.65 -0.73) (layer F.CrtYd) (width 0.05))
    (fp_line (start -0.171267 0.51) (end 0.171267 0.51) (layer F.SilkS) (width 0.12))
    (fp_line (start -0.171267 -0.51) (end 0.171267 -0.51) (layer F.SilkS) (width 0.12))
    (fp_line (start 0.8 0.4) (end -0.8 0.4) (layer F.Fab) (width 0.1))
    (fp_line (start 0.8 -0.4) (end 0.8 0.4) (layer F.Fab) (width 0.1))
    (fp_line (start -0.8 -0.4) (end 0.8 -0.4) (layer F.Fab) (width 0.1))
    (fp_line (start -0.8 0.4) (end -0.8 -0.4) (layer F.Fab) (width 0.1))
    (pad 2 smd roundrect (at 0.875 0) (size 1.05 0.95) (layers F.Cu F.Paste F.Mask) (roundrect_rratio 0.25)
      (net 2 +12V))
    (pad 1 smd roundrect (at -0.875 0) (size 1.05 0.95) (layers F.Cu F.Paste F.Mask) (roundrect_rratio 0.25)
      (net 5 "Net-(C4-Pad1)"))
    (model ${KISYS3DMOD}/Capacitor_SMD.3dshapes/C_0603_1608Metric.wrl
      (at (xyz 0 0 0))
      (scale (xyz 1 1 1))
      (rotate (xyz 0 0 0))
    )
  )

  (module Capacitor_SMD:C_0603_1608Metric_Pad1.05x0.95mm_HandSolder (layer F.Cu) (tedit 5B301BBE) (tstamp 5F7A1489)
    (at 29.831 152.4)
    (descr "Capacitor SMD 0603 (1608 Metric), square (rectangular) end terminal, IPC_7351 nominal with elongated pad for handsoldering. (Body size source: http://www.tortai-tech.com/upload/download/2011102023233369053.pdf), generated with kicad-footprint-generator")
    (tags "capacitor handsolder")
    (path /5F7ADC89)
    (attr smd)
    (fp_text reference C5 (at 0 -1.43) (layer F.SilkS)
      (effects (font (size 1 1) (thickness 0.15)))
    )
    (fp_text value 4.7u (at 0 1.43) (layer F.Fab)
      (effects (font (size 1 1) (thickness 0.15)))
    )
    (fp_line (start -0.8 0.4) (end -0.8 -0.4) (layer F.Fab) (width 0.1))
    (fp_line (start -0.8 -0.4) (end 0.8 -0.4) (layer F.Fab) (width 0.1))
    (fp_line (start 0.8 -0.4) (end 0.8 0.4) (layer F.Fab) (width 0.1))
    (fp_line (start 0.8 0.4) (end -0.8 0.4) (layer F.Fab) (width 0.1))
    (fp_line (start -0.171267 -0.51) (end 0.171267 -0.51) (layer F.SilkS) (width 0.12))
    (fp_line (start -0.171267 0.51) (end 0.171267 0.51) (layer F.SilkS) (width 0.12))
    (fp_line (start -1.65 0.73) (end -1.65 -0.73) (layer F.CrtYd) (width 0.05))
    (fp_line (start -1.65 -0.73) (end 1.65 -0.73) (layer F.CrtYd) (width 0.05))
    (fp_line (start 1.65 -0.73) (end 1.65 0.73) (layer F.CrtYd) (width 0.05))
    (fp_line (start 1.65 0.73) (end -1.65 0.73) (layer F.CrtYd) (width 0.05))
    (fp_text user %R (at 0 0) (layer F.Fab)
      (effects (font (size 0.4 0.4) (thickness 0.06)))
    )
    (pad 1 smd roundrect (at -0.875 0) (size 1.05 0.95) (layers F.Cu F.Paste F.Mask) (roundrect_rratio 0.25)
      (net 6 "Net-(C5-Pad1)"))
    (pad 2 smd roundrect (at 0.875 0) (size 1.05 0.95) (layers F.Cu F.Paste F.Mask) (roundrect_rratio 0.25)
      (net 2 +12V))
    (model ${KISYS3DMOD}/Capacitor_SMD.3dshapes/C_0603_1608Metric.wrl
      (at (xyz 0 0 0))
      (scale (xyz 1 1 1))
      (rotate (xyz 0 0 0))
    )
  )

  (module Connector_Hirose:Hirose_DF13-08P-1.25DS_1x08_P1.25mm_Horizontal (layer F.Cu) (tedit 5D246AAF) (tstamp 5F7A1D67)
    (at 44.704 144.272 270)
    (descr "Hirose DF13 through hole, DF13-08P-1.25DS, 8 Pins per row (https://www.hirose.com/product/en/products/DF13/DF13-4P-1.25DS%2820%29/), generated with kicad-footprint-generator")
    (tags "connector Hirose DF13 horizontal")
    (path /5F7BC4AB)
    (fp_text reference J1 (at 4.38 -5.7 90) (layer F.SilkS)
      (effects (font (size 1 1) (thickness 0.15)))
    )
    (fp_text value Conn_01x08_Female (at 4.38 2.1 90) (layer F.Fab)
      (effects (font (size 1 1) (thickness 0.15)))
    )
    (fp_line (start -1.45 -4.5) (end -1.45 0.9) (layer F.Fab) (width 0.1))
    (fp_line (start -1.45 0.9) (end 10.2 0.9) (layer F.Fab) (width 0.1))
    (fp_line (start 10.2 0.9) (end 10.2 -4.5) (layer F.Fab) (width 0.1))
    (fp_line (start 10.2 -4.5) (end -1.45 -4.5) (layer F.Fab) (width 0.1))
    (fp_line (start -0.25 0.96) (end -0.25 1.01) (layer F.SilkS) (width 0.12))
    (fp_line (start -0.25 1.01) (end -1.56 1.01) (layer F.SilkS) (width 0.12))
    (fp_line (start -1.56 1.01) (end -1.56 -4.61) (layer F.SilkS) (width 0.12))
    (fp_line (start -1.56 -4.61) (end 10.31 -4.61) (layer F.SilkS) (width 0.12))
    (fp_line (start 10.31 -4.61) (end 10.31 1.01) (layer F.SilkS) (width 0.12))
    (fp_line (start 10.31 1.01) (end 9 1.01) (layer F.SilkS) (width 0.12))
    (fp_line (start 9 1.01) (end 9 0.96) (layer F.SilkS) (width 0.12))
    (fp_line (start -1.01 -2.5) (end 9.76 -2.5) (layer F.SilkS) (width 0.12))
    (fp_line (start -1.01 -1) (end 9.76 -1) (layer F.SilkS) (width 0.12))
    (fp_line (start -1.01 -4.61) (end -1.01 1.01) (layer F.SilkS) (width 0.12))
    (fp_line (start 9.76 -4.61) (end 9.76 1.01) (layer F.SilkS) (width 0.12))
    (fp_line (start -0.15 -2.5) (end -0.15 -3.9625) (layer F.SilkS) (width 0.12))
    (fp_line (start -0.15 -3.9625) (end 0 -4) (layer F.SilkS) (width 0.12))
    (fp_line (start 0 -4) (end 0.15 -3.9625) (layer F.SilkS) (width 0.12))
    (fp_line (start 0.15 -3.9625) (end 0.15 -2.5) (layer F.SilkS) (width 0.12))
    (fp_line (start 1.1 -2.5) (end 1.1 -3.9625) (layer F.SilkS) (width 0.12))
    (fp_line (start 1.1 -3.9625) (end 1.25 -4) (layer F.SilkS) (width 0.12))
    (fp_line (start 1.25 -4) (end 1.4 -3.9625) (layer F.SilkS) (width 0.12))
    (fp_line (start 1.4 -3.9625) (end 1.4 -2.5) (layer F.SilkS) (width 0.12))
    (fp_line (start 0.25 0.96) (end 0.25 1.01) (layer F.SilkS) (width 0.12))
    (fp_line (start 0.25 1.01) (end 1 1.01) (layer F.SilkS) (width 0.12))
    (fp_line (start 1 1.01) (end 1 0.96) (layer F.SilkS) (width 0.12))
    (fp_line (start 2.35 -2.5) (end 2.35 -3.9625) (layer F.SilkS) (width 0.12))
    (fp_line (start 2.35 -3.9625) (end 2.5 -4) (layer F.SilkS) (width 0.12))
    (fp_line (start 2.5 -4) (end 2.65 -3.9625) (layer F.SilkS) (width 0.12))
    (fp_line (start 2.65 -3.9625) (end 2.65 -2.5) (layer F.SilkS) (width 0.12))
    (fp_line (start 1.5 0.96) (end 1.5 1.01) (layer F.SilkS) (width 0.12))
    (fp_line (start 1.5 1.01) (end 2.25 1.01) (layer F.SilkS) (width 0.12))
    (fp_line (start 2.25 1.01) (end 2.25 0.96) (layer F.SilkS) (width 0.12))
    (fp_line (start 3.6 -2.5) (end 3.6 -3.9625) (layer F.SilkS) (width 0.12))
    (fp_line (start 3.6 -3.9625) (end 3.75 -4) (layer F.SilkS) (width 0.12))
    (fp_line (start 3.75 -4) (end 3.9 -3.9625) (layer F.SilkS) (width 0.12))
    (fp_line (start 3.9 -3.9625) (end 3.9 -2.5) (layer F.SilkS) (width 0.12))
    (fp_line (start 2.75 0.96) (end 2.75 1.01) (layer F.SilkS) (width 0.12))
    (fp_line (start 2.75 1.01) (end 3.5 1.01) (layer F.SilkS) (width 0.12))
    (fp_line (start 3.5 1.01) (end 3.5 0.96) (layer F.SilkS) (width 0.12))
    (fp_line (start 4.85 -2.5) (end 4.85 -3.9625) (layer F.SilkS) (width 0.12))
    (fp_line (start 4.85 -3.9625) (end 5 -4) (layer F.SilkS) (width 0.12))
    (fp_line (start 5 -4) (end 5.15 -3.9625) (layer F.SilkS) (width 0.12))
    (fp_line (start 5.15 -3.9625) (end 5.15 -2.5) (layer F.SilkS) (width 0.12))
    (fp_line (start 4 0.96) (end 4 1.01) (layer F.SilkS) (width 0.12))
    (fp_line (start 4 1.01) (end 4.75 1.01) (layer F.SilkS) (width 0.12))
    (fp_line (start 4.75 1.01) (end 4.75 0.96) (layer F.SilkS) (width 0.12))
    (fp_line (start 6.1 -2.5) (end 6.1 -3.9625) (layer F.SilkS) (width 0.12))
    (fp_line (start 6.1 -3.9625) (end 6.25 -4) (layer F.SilkS) (width 0.12))
    (fp_line (start 6.25 -4) (end 6.4 -3.9625) (layer F.SilkS) (width 0.12))
    (fp_line (start 6.4 -3.9625) (end 6.4 -2.5) (layer F.SilkS) (width 0.12))
    (fp_line (start 5.25 0.96) (end 5.25 1.01) (layer F.SilkS) (width 0.12))
    (fp_line (start 5.25 1.01) (end 6 1.01) (layer F.SilkS) (width 0.12))
    (fp_line (start 6 1.01) (end 6 0.96) (layer F.SilkS) (width 0.12))
    (fp_line (start 7.35 -2.5) (end 7.35 -3.9625) (layer F.SilkS) (width 0.12))
    (fp_line (start 7.35 -3.9625) (end 7.5 -4) (layer F.SilkS) (width 0.12))
    (fp_line (start 7.5 -4) (end 7.65 -3.9625) (layer F.SilkS) (width 0.12))
    (fp_line (start 7.65 -3.9625) (end 7.65 -2.5) (layer F.SilkS) (width 0.12))
    (fp_line (start 6.5 0.96) (end 6.5 1.01) (layer F.SilkS) (width 0.12))
    (fp_line (start 6.5 1.01) (end 7.25 1.01) (layer F.SilkS) (width 0.12))
    (fp_line (start 7.25 1.01) (end 7.25 0.96) (layer F.SilkS) (width 0.12))
    (fp_line (start 8.6 -2.5) (end 8.6 -3.9625) (layer F.SilkS) (width 0.12))
    (fp_line (start 8.6 -3.9625) (end 8.75 -4) (layer F.SilkS) (width 0.12))
    (fp_line (start 8.75 -4) (end 8.9 -3.9625) (layer F.SilkS) (width 0.12))
    (fp_line (start 8.9 -3.9625) (end 8.9 -2.5) (layer F.SilkS) (width 0.12))
    (fp_line (start 7.75 0.96) (end 7.75 1.01) (layer F.SilkS) (width 0.12))
    (fp_line (start 7.75 1.01) (end 8.5 1.01) (layer F.SilkS) (width 0.12))
    (fp_line (start 8.5 1.01) (end 8.5 0.96) (layer F.SilkS) (width 0.12))
    (fp_line (start 0 1.5) (end -0.3 2.1) (layer F.SilkS) (width 0.12))
    (fp_line (start -0.3 2.1) (end 0.3 2.1) (layer F.SilkS) (width 0.12))
    (fp_line (start 0.3 2.1) (end 0 1.5) (layer F.SilkS) (width 0.12))
    (fp_line (start -0.5 0.9) (end 0 0.192893) (layer F.Fab) (width 0.1))
    (fp_line (start 0 0.192893) (end 0.5 0.9) (layer F.Fab) (width 0.1))
    (fp_line (start -1.95 -5) (end -1.95 1.4) (layer F.CrtYd) (width 0.05))
    (fp_line (start -1.95 1.4) (end 10.7 1.4) (layer F.CrtYd) (width 0.05))
    (fp_line (start 10.7 1.4) (end 10.7 -5) (layer F.CrtYd) (width 0.05))
    (fp_line (start 10.7 -5) (end -1.95 -5) (layer F.CrtYd) (width 0.05))
    (fp_text user %R (at 4.38 -3.8 90) (layer F.Fab)
      (effects (font (size 1 1) (thickness 0.15)))
    )
    (pad 1 thru_hole roundrect (at 0 0 270) (size 0.9 1.4) (drill 0.6) (layers *.Cu *.Mask) (roundrect_rratio 0.25)
      (net 1 GND))
    (pad 2 thru_hole oval (at 1.25 0 270) (size 0.9 1.4) (drill 0.6) (layers *.Cu *.Mask)
      (net 9 CLOCK))
    (pad 3 thru_hole oval (at 2.5 0 270) (size 0.9 1.4) (drill 0.6) (layers *.Cu *.Mask)
      (net 1 GND))
    (pad 4 thru_hole oval (at 3.75 0 270) (size 0.9 1.4) (drill 0.6) (layers *.Cu *.Mask)
      (net 10 MOSI))
    (pad 5 thru_hole oval (at 5 0 270) (size 0.9 1.4) (drill 0.6) (layers *.Cu *.Mask)
      (net 11 SS))
    (pad 6 thru_hole oval (at 6.25 0 270) (size 0.9 1.4) (drill 0.6) (layers *.Cu *.Mask)
      (net 3 +3V3))
    (pad 7 thru_hole oval (at 7.5 0 270) (size 0.9 1.4) (drill 0.6) (layers *.Cu *.Mask)
      (net 12 DC))
    (pad 8 thru_hole oval (at 8.75 0 270) (size 0.9 1.4) (drill 0.6) (layers *.Cu *.Mask)
      (net 13 RST))
    (model ${KISYS3DMOD}/Connector_Hirose.3dshapes/Hirose_DF13-08P-1.25DS_1x08_P1.25mm_Horizontal.wrl
      (at (xyz 0 0 0))
      (scale (xyz 1 1 1))
      (rotate (xyz 0 0 0))
    )
  )

  (module Connector_FFC-FPC:TE_1-1734839-4_1x14-1MP_P0.5mm_Horizontal (layer F.Cu) (tedit 5DB5C65C) (tstamp 5F7A1B83)
    (at 24.13 148.59 270)
    (descr "TE FPC connector, 14 top-side contacts, 0.5mm pitch, SMT, https://www.te.com/commerce/DocumentDelivery/DDEController?Action=showdoc&DocId=Customer+Drawing%7F1734839%7FC%7Fpdf%7FEnglish%7FENG_CD_1734839_C_C_1734839.pdf%7F4-1734839-0")
    (tags "te fpc 1734839")
    (path /5F7981E5)
    (attr smd)
    (fp_text reference J2 (at 0 -3.1 90) (layer F.SilkS)
      (effects (font (size 1 1) (thickness 0.15)))
    )
    (fp_text value Conn_01x14_Female (at 0 3.25 90) (layer Dwgs.User)
      (effects (font (size 0.5 0.5) (thickness 0.08)))
    )
    (fp_line (start -5.56 -0.65) (end 5.56 -0.65) (layer F.Fab) (width 0.1))
    (fp_line (start 5.56 -0.65) (end 5.56 2.15) (layer F.Fab) (width 0.1))
    (fp_line (start 5.56 2.15) (end 6.215 2.15) (layer F.Fab) (width 0.1))
    (fp_line (start 6.215 2.15) (end 6.215 3.75) (layer F.Fab) (width 0.1))
    (fp_line (start 6.215 3.75) (end -6.215 3.75) (layer F.Fab) (width 0.1))
    (fp_line (start -6.215 3.75) (end -6.215 2.15) (layer F.Fab) (width 0.1))
    (fp_line (start -6.215 2.15) (end -5.56 2.15) (layer F.Fab) (width 0.1))
    (fp_line (start -5.56 2.15) (end -5.56 -0.65) (layer F.Fab) (width 0.1))
    (fp_line (start -3.65 -0.65) (end -3.25 0.15) (layer F.Fab) (width 0.1))
    (fp_line (start -3.25 0.15) (end -2.85 -0.65) (layer F.Fab) (width 0.1))
    (fp_line (start -6.215 2.04) (end -6.325 2.04) (layer F.SilkS) (width 0.12))
    (fp_line (start -6.325 2.04) (end -6.325 2.64) (layer F.SilkS) (width 0.12))
    (fp_line (start 6.215 2.04) (end 6.325 2.04) (layer F.SilkS) (width 0.12))
    (fp_line (start 6.325 2.04) (end 6.325 2.64) (layer F.SilkS) (width 0.12))
    (fp_line (start -3.45 -0.55) (end -3.25 -0.15) (layer F.SilkS) (width 0.12))
    (fp_line (start -3.25 -0.15) (end -3.05 -0.55) (layer F.SilkS) (width 0.12))
    (fp_line (start -3.05 -0.55) (end -3.45 -0.55) (layer F.SilkS) (width 0.12))
    (fp_line (start 6.105 2.75) (end -6.105 2.75) (layer Dwgs.User) (width 0.1))
    (fp_line (start -6.72 -2.4) (end -6.72 4.25) (layer F.CrtYd) (width 0.05))
    (fp_line (start -6.72 4.25) (end 6.72 4.25) (layer F.CrtYd) (width 0.05))
    (fp_line (start 6.72 4.25) (end 6.72 -2.4) (layer F.CrtYd) (width 0.05))
    (fp_line (start 6.72 -2.4) (end -6.72 -2.4) (layer F.CrtYd) (width 0.05))
    (fp_text user %R (at 0 1.55 90) (layer F.Fab)
      (effects (font (size 1 1) (thickness 0.15)))
    )
    (pad 1 smd rect (at -3.25 -1.35 270) (size 0.3 1.1) (layers F.Cu F.Paste F.Mask)
      (net 1 GND))
    (pad 2 smd rect (at -2.75 -1.35 270) (size 0.3 1.1) (layers F.Cu F.Paste F.Mask)
      (net 10 MOSI))
    (pad 3 smd rect (at -2.25 -1.35 270) (size 0.3 1.1) (layers F.Cu F.Paste F.Mask)
      (net 9 CLOCK))
    (pad 4 smd rect (at -1.75 -1.35 270) (size 0.3 1.1) (layers F.Cu F.Paste F.Mask)
      (net 12 DC))
    (pad 5 smd rect (at -1.25 -1.35 270) (size 0.3 1.1) (layers F.Cu F.Paste F.Mask)
      (net 13 RST))
    (pad 6 smd rect (at -0.75 -1.35 270) (size 0.3 1.1) (layers F.Cu F.Paste F.Mask)
      (net 11 SS))
    (pad 7 smd rect (at -0.25 -1.35 270) (size 0.3 1.1) (layers F.Cu F.Paste F.Mask)
      (net 3 +3V3))
    (pad 8 smd rect (at 0.25 -1.35 270) (size 0.3 1.1) (layers F.Cu F.Paste F.Mask)
      (net 1 GND))
    (pad 9 smd rect (at 0.75 -1.35 270) (size 0.3 1.1) (layers F.Cu F.Paste F.Mask)
      (net 14 "Net-(J2-Pad9)"))
    (pad 10 smd rect (at 1.25 -1.35 270) (size 0.3 1.1) (layers F.Cu F.Paste F.Mask)
      (net 2 +12V))
    (pad 11 smd rect (at 1.75 -1.35 270) (size 0.3 1.1) (layers F.Cu F.Paste F.Mask)
      (net 15 "Net-(J2-Pad11)"))
    (pad 12 smd rect (at 2.25 -1.35 270) (size 0.3 1.1) (layers F.Cu F.Paste F.Mask)
      (net 5 "Net-(C4-Pad1)"))
    (pad 13 smd rect (at 2.75 -1.35 270) (size 0.3 1.1) (layers F.Cu F.Paste F.Mask)
      (net 6 "Net-(C5-Pad1)"))
    (pad 14 smd rect (at 3.25 -1.35 270) (size 0.3 1.1) (layers F.Cu F.Paste F.Mask)
      (net 4 "Net-(C3-Pad1)"))
    (pad MP smd rect (at -4.92 0.35 270) (size 2.3 3.1) (layers F.Cu F.Paste F.Mask))
    (pad MP smd rect (at 4.92 0.35 270) (size 2.3 3.1) (layers F.Cu F.Paste F.Mask))
    (model ${KISYS3DMOD}/Connector_FFC-FPC.3dshapes/TE_1-1734839-4_1x14-1MP_P0.5mm_Horizontal.wrl
      (at (xyz 0 0 0))
      (scale (xyz 1 1 1))
      (rotate (xyz 0 0 0))
    )
  )

